(xs, ys, zs) -10.000000 -10.000000 -10.000000
(xe, ye, ze) 10.000000 10.000000 10.000000
h 20.000000
np 100
duration 10.
dt 0.01
(x, y, z) r m (vx, vy, vz) E
 9.108955 -7.768890 -2.028485  1.000000  1.000000 -0.298418 -0.418831  0.102145 10.000000
 0.134669 -9.914361  4.596766  1.000000  1.000000  0.160803 -0.435349 -0.309484 10.000000
 0.284367  1.347512 -3.407786  1.000000  1.000000 -0.054956 -0.189444 -0.203393 10.000000
-3.910189  5.717005 -9.308244  1.000000  1.000000  0.217821  0.154877 -0.350123 10.000000
-8.550756 -5.587150  6.489536  1.000000  1.000000  0.471402  0.086789 -0.265823 10.000000
 6.388790  9.918272  7.429617  1.000000  1.000000  0.138349  0.335538 -0.396360 10.000000
-0.223534 -1.573657 -8.437358  1.000000  1.000000 -0.259449  0.175051 -0.493366 10.000000
 4.206919  9.825651 -4.954820  1.000000  1.000000  0.437183 -0.054127  0.176945 10.000000
 5.015232 -0.448137  0.926056  1.000000  1.000000 -0.327851 -0.279245 -0.289241 10.000000
 0.933710 -2.554307 -0.684320  1.000000  1.000000  0.185847  0.345065 -0.125743 10.000000
 1.364645  1.575309 -6.859130  1.000000  1.000000 -0.206093 -0.212745 -0.459075 10.000000
 1.502684  6.296368 -8.254215  1.000000  1.000000  0.217896  0.483333 -0.098798 10.000000
-0.193568 -6.659082 -3.544865  1.000000  1.000000  0.486388  0.032242 -0.338732 10.000000
-6.608805  9.477695 -7.171062  1.000000  1.000000  0.236639  0.181159  0.490074 10.000000
 6.330591  5.955029 -2.441622  1.000000  1.000000 -0.036920 -0.007974  0.220418 10.000000
-0.729168  9.161753  1.676349  1.000000  1.000000 -0.374930 -0.096696 -0.470223 10.000000
-8.581667 -2.088659 -5.786058  1.000000  1.000000 -0.093594  0.046184  0.034393 10.000000
-4.295003  0.590660 -2.007721  1.000000  1.000000  0.213551 -0.253270  0.459046 10.000000
-2.666493 -7.280278  3.179416  1.000000  1.000000  0.302403 -0.484672  0.196771 10.000000
 1.297965  0.155162  2.017594  1.000000  1.000000  0.404574  0.234197  0.022399 10.000000
 0.425071  7.488182 -1.102268  1.000000  1.000000 -0.269193 -0.347104 -0.306531 10.000000
-9.941895 -8.462220 -8.459798  1.000000  1.000000 -0.411263  0.112691  0.119896 10.000000
 1.925563  2.267752 -9.772998  1.000000  1.000000  0.428267 -0.286954 -0.261493 10.000000
 4.002265 -2.755241 -7.191531  1.000000  1.000000  0.124735  0.407200  0.018010 10.000000
 3.086454 -8.689411  7.673399  1.000000  1.000000 -0.031454 -0.046651 -0.189844 10.000000
 9.828548  3.208857 -8.202265  1.000000  1.000000 -0.028091 -0.174566  0.073201 10.000000
-9.350775  7.928120  3.906372  1.000000  1.000000  0.362032  0.113389 -0.276574 10.000000
 7.254498  8.354670 -8.880196  1.000000  1.000000 -0.044818  0.149406 -0.141961 10.000000
-2.041882 -4.864798 -6.221110  1.000000  1.000000 -0.089480 -0.130449 -0.394192 10.000000
-6.236999  9.489050 -9.526517  1.000000  1.000000 -0.441905  0.325785  0.145924 10.000000
 1.283699 -4.970618  5.235668  1.000000  1.000000 -0.254340  0.281466 -0.197325 10.000000
-8.559719 -5.618659 -0.738429  1.000000  1.000000  0.171004 -0.212820  0.099098 10.000000
-2.811284  3.175890 -2.481178  1.000000  1.000000  0.057013 -0.058611 -0.031586 10.000000
 6.342419 -3.603836 -6.154396  1.000000  1.000000  0.404136  0.031916 -0.331216 10.000000
-8.385235 -6.881237 -8.847648  1.000000  1.000000  0.266211  0.302598 -0.169338 10.000000
-6.147135  0.043022  6.877342  1.000000  1.000000 -0.023911 -0.369736  0.391707 10.000000
-9.251678  1.584520  4.979342  1.000000  1.000000 -0.197046 -0.017902 -0.194791 10.000000
-1.840240  1.952072  9.197214  1.000000  1.000000  0.368597 -0.199478  0.243970 10.000000
 5.971636  3.925463  5.870150  1.000000  1.000000 -0.163753 -0.381595 -0.445289 10.000000
 2.925598  3.846593 -3.614550  1.000000  1.000000  0.430300 -0.019062  0.190750 10.000000
 7.558622  0.596761  1.411395  1.000000  1.000000  0.244051 -0.201527  0.163741 10.000000
 1.612610 -4.709411 -1.357404  1.000000  1.000000 -0.287078 -0.220971 -0.062492 10.000000
 0.769111 -9.937574 -1.909552  1.000000  1.000000 -0.051877 -0.378245  0.248480 10.000000
-4.295185  6.600683  2.079147  1.000000  1.000000  0.417319 -0.201017 -0.104939 10.000000
 3.444371 -2.920001  5.221649  1.000000  1.000000  0.199542 -0.087414  0.444175 10.000000
 1.176982  6.368359  4.044228  1.000000  1.000000  0.388736  0.396350 -0.326384 10.000000
 3.450946 -0.865600 -7.911842  1.000000  1.000000  0.400374  0.420209 -0.492375 10.000000
-8.888984  1.680326 -6.379414  1.000000  1.000000  0.445248  0.433087 -0.004812 10.000000
-5.072842 -6.120690  6.874214  1.000000  1.000000 -0.107993  0.110437  0.352879 10.000000
 7.107161 -5.877928 -0.196723  1.000000  1.000000 -0.207338  0.437852  0.394583 10.000000
-0.123450  8.145742  7.365950  1.000000  1.000000 -0.175869  0.033261  0.375844 10.000000
 5.291591 -7.455274 -6.456117  1.000000  1.000000  0.499343  0.097632 -0.292481 10.000000
 2.229662 -0.212928 -4.362489  1.000000  1.000000  0.127463  0.398950 -0.010769 10.000000
 1.149910 -7.447796 -7.440047  1.000000  1.000000 -0.035750 -0.359079  0.277883 10.000000
-6.626251  5.789842  0.958594  1.000000  1.000000  0.052318 -0.440442  0.241671 10.000000
 5.945480  9.947609  0.068555  1.000000  1.000000  0.384543 -0.431130 -0.291421 10.000000
-4.910404  8.902475  8.083195  1.000000  1.000000  0.044362 -0.103624  0.340124 10.000000
-5.844782 -2.609770 -4.314470  1.000000  1.000000 -0.080151 -0.108618  0.208520 10.000000
 9.961628 -2.008792 -1.764105  1.000000  1.000000 -0.336722 -0.185622 -0.290760 10.000000
 5.854488  8.266331 -3.320646  1.000000  1.000000  0.282850  0.207737 -0.019964 10.000000
-6.307595 -9.803814 -3.771065  1.000000  1.000000 -0.266037  0.467496 -0.194492 10.000000
 4.754877  8.426369  7.252193  1.000000  1.000000  0.277444 -0.021252 -0.110710 10.000000
-7.557600  6.963207 -8.954386  1.000000  1.000000 -0.162829  0.222600 -0.326972 10.000000
 5.594501 -3.139211  6.868408  1.000000  1.000000 -0.387106 -0.359226 -0.280076 10.000000
 1.372109 -0.364368 -0.130328  1.000000  1.000000  0.140225 -0.156345  0.053176 10.000000
 4.322966 -0.187812 -5.203980  1.000000  1.000000  0.426922  0.497715  0.471678 10.000000
-4.150827  5.881152 -3.194399  1.000000  1.000000  0.049300  0.156558  0.137952 10.000000
 7.484989  8.855421 -5.819087  1.000000  1.000000  0.090226  0.111170 -0.172013 10.000000
 7.288345  2.461549 -7.523641  1.000000  1.000000 -0.133960  0.452050  0.090839 10.000000
 0.914658 -7.699992 -5.327697  1.000000  1.000000 -0.049178  0.440064  0.264307 10.000000
-9.930832 -9.765677 -6.895132  1.000000  1.000000 -0.121637  0.066998  0.489583 10.000000
 5.327560 -2.966475  2.382811  1.000000  1.000000 -0.416388 -0.441436  0.331290 10.000000
 6.878983  5.916139  7.389292  1.000000  1.000000 -0.498883  0.391369  0.270922 10.000000
-6.642424  3.421594 -3.961590  1.000000  1.000000 -0.147432 -0.469368  0.317247 10.000000
-0.287415 -3.126772  1.106986  1.000000  1.000000 -0.124595 -0.242857  0.346278 10.000000
 2.151659 -1.221248  8.548103  1.000000  1.000000  0.330441 -0.292713 -0.477728 10.000000
-3.870599 -4.187434 -9.764730  1.000000  1.000000 -0.395110  0.094787 -0.115039 10.000000
 5.158257 -7.827683  8.250042  1.000000  1.000000 -0.343265 -0.009753 -0.090905 10.000000
 6.624752  2.065437  0.001172  1.000000  1.000000  0.261071  0.360941  0.035004 10.000000
-7.326401 -0.855855 -9.666840  1.000000  1.000000 -0.402736  0.262205  0.185469 10.000000
 6.401344  7.585804  0.166884  1.000000  1.000000 -0.122850 -0.163742 -0.247263 10.000000
 2.731914  5.005756  5.168207  1.000000  1.000000 -0.140621  0.247833 -0.179135 10.000000
 8.371698 -6.286769  9.434288  1.000000  1.000000 -0.042752 -0.109384  0.159015 10.000000
-2.429236 -1.675879  3.058342  1.000000  1.000000 -0.181139 -0.024264 -0.062109 10.000000
 4.579162  1.003585  4.924060  1.000000  1.000000 -0.229007  0.358692 -0.113313 10.000000
-0.232389 -5.317770 -5.062876  1.000000  1.000000 -0.215401  0.327762  0.377470 10.000000
-5.633596 -7.032752  0.376383  1.000000  1.000000 -0.247443 -0.267424 -0.246169 10.000000
-2.817713  1.231693 -8.337386  1.000000  1.000000  0.071329 -0.202879 -0.341945 10.000000
-2.980706  9.452700  3.772263  1.000000  1.000000  0.125201  0.257122 -0.246319 10.000000
-8.230707 -0.546819  8.056498  1.000000  1.000000  0.443908  0.351259  0.076806 10.000000
-2.060163  2.349753  5.255116  1.000000  1.000000  0.000031 -0.269778  0.027742 10.000000
-9.900035 -2.039204  9.092979  1.000000  1.000000 -0.349082 -0.301791 -0.203213 10.000000
 1.805606  3.482557  0.629061  1.000000  1.000000  0.087099 -0.332439 -0.351167 10.000000
-7.409980  5.181248  4.058691  1.000000  1.000000 -0.463402  0.243453  0.262342 10.000000
-3.599753  9.317982 -1.638904  1.000000  1.000000 -0.079942  0.373024 -0.430232 10.000000
-8.253187  4.350765 -0.243200  1.000000  1.000000  0.169871 -0.128706  0.176132 10.000000
-8.600582 -0.013666 -5.168377  1.000000  1.000000 -0.375014 -0.184455  0.333453 10.000000
 0.767159  9.985323 -2.481142  1.000000  1.000000 -0.369819  0.018134  0.425760 10.000000
-5.697071  8.516260  0.709792  1.000000  1.000000  0.497375  0.060163 -0.318717 10.000000
 8.970230  6.573631  2.699414  1.000000  1.000000  0.281370  0.233609  0.263905 10.000000
